# Tiles Problem, generated at: Thu Feb 29 20:02:02 AZT 2024
# Landscape
1 4 2   3 4 3 3 4 3 3 2 2 3   3 
2 1 3 1 3   2 1     2 3 3   3 1 
2 3 3   4 1   3 4 1   3   3 3   
2 1 4 4 2 4   3   4 2 3 2 1 1 4 
3 3 3   2   2 1 4 3   1 3 4 1   
1 1 2   3 3 3 2 1   2 4 4 4 2 1 
1 3   2 4 1 4 4   4   2 4 4 1   
4   3 4     2 2 3   3 4 1 4 1 3 
1 3 4     4   1 2 3   3     4   
  3     2   2 4 4 3   1 4 4   2 
4 1 3 4 2 1 2 4 1 1   4 4   4 3 
1 4 2 3 3 4 3 1     2 3 4 2 3 2 
3 4     4 1 2 4 3 1 2 4 3   2   
4 2 3       2 2     2 2 3 1 3 1 
1 4 3 3 2   4   2   2 3 4 2 3 3 
  4 2 2 3 4   3 3     2 3   2 4 

# Tiles: 
{FULL_BLOCK=4, OUTER_BOUNDARY=4, EL_SHAPE=8}

# Targets: 
1:12
2:20
3:18
4:14

